2719.76
2721.62
2723.28
2724.89
2726.54
2728.20
2729.79
2731.52
2733.16
2734.83
2736.47
2738.09
2739.80
2741.35
2743.07
2744.73
2746.46
2748.09
2749.66
2751.24
2752.88
2754.55
2756.19
2757.85
2759.57
2761.35
2763.14
2764.89
2766.68
2768.28
2770.11
2771.75
2773.48
2775.44
2777.17
2779.43
2781.29
2783.08
2784.75
2786.53
2788.14
2789.98
2791.79
2793.46
2795.30
2796.94
2798.68
2800.52
2802.37
2804.22
2805.82
2807.38
2809.07
2810.68
2812.20
2813.76
2815.58
2817.15
2818.76
2820.58
2822.24
2824.07
2825.82
2827.51
2829.19
2830.85
2832.61
2834.22
2836.05
2837.70
2839.58
2841.29
2843.05
2844.68
2846.33
2847.95
2849.65
2851.32
2853.06
2854.86
2856.67
2858.39
2860.22
2862.38
2863.97
2865.55
2867.06
2868.72
2870.27
2872.07
2873.86
2875.68
2878.41
2880.00
2881.80
2883.47
2885.20
2886.84
2888.48
2890.33
2893.50
2895.15
2896.89
2898.59
2900.16
2901.91
2903.66
2905.59
2907.84
2909.57
2911.42
2913.17
2914.95
2916.54
2918.18
2919.77
2921.51
2923.20
2924.87
2926.66
2928.37
2930.18
2932.01
2933.84
2937.02
2938.71
2940.50
2942.20
2944.30
2946.16
2947.79
2949.52
2951.10
2952.81
2954.55
2956.17
2957.86
2959.68
2961.29
2962.83
2964.31
2965.74
2967.44
2969.08
2970.86
2972.48
2974.29
2975.97
2977.80
2979.64
2981.47
2983.22
2985.07
2986.90
2988.68
2990.40
2992.03
2993.95
2995.81
2997.51
2998.98
3000.73
3002.56
3004.39
3006.18
3007.82
3009.63
3011.16
3012.78
3014.44
3016.18
3017.87
3019.46
3021.30
3023.03
3024.84
3026.53
3028.36
3029.93
3031.53
3033.38
3035.02
3036.90
3038.82
3040.55
3042.39
3044.05
3045.78
3047.51
3049.21
3050.83
3052.58
3054.19
3055.81
3057.48
3059.12
3060.84
3062.57
3064.26
3065.95
3067.81
3069.55
3071.19
3072.83
3076.18
3077.97
3079.68
3081.50
3083.11
3084.71
3086.53
3088.27
3090.06
3091.67
3093.18
3094.97
3096.66
3098.56
3100.49
3102.00
3103.93
3105.61
3107.22
3108.79
3110.59
3112.24
3114.08
3115.74
3117.65
3119.33
3121.25
3123.08
3124.79
3126.50
3128.20
3129.85
3131.62
3133.23
3135.06
3136.64
3138.41
3140.19
3142.03
3143.82
3145.49
3146.97
3148.80
3150.57
3152.38
3154.22
3155.99
3157.70
3159.52
3161.28
3163.05
3164.82
3166.61
3168.55
3170.18
3171.86
3173.48
3175.25
3176.87
3178.57
3180.24
3181.79
3183.42
3185.03
3186.91
3188.83
3190.52
3192.17
3193.89
3195.64
3197.23
3198.95
3200.63
3202.14
3203.99
3205.83
3207.56
3209.16
3210.91
3212.59
3214.16
3215.80
3217.60
3219.29
3220.97
3222.62
3224.45
3226.20
3227.98
3229.80
3231.63
3233.57
3235.51
3237.26
3238.99
3240.53
3242.17
3244.02
3245.81
3247.48
3249.34
3251.20
3252.83
3254.65
3256.22
3257.81
3259.48
3261.32
3263.02
3264.70
3266.64
3268.48
3270.06
3271.86
3273.70
3275.73
3277.50
3279.12
3280.88
3282.58
3284.36
3286.20
3287.99
3289.72
3291.46
3293.50
3295.17
3296.84
3298.60
3300.43
3301.97
3303.61
3305.35
3307.10
3308.93
3310.68
3312.41
3314.11
3315.84
3317.53
3319.27
3321.01
3322.81
3324.51
3326.18
3327.92
3329.72
3331.57
3333.16
3334.84
3336.58
3338.22
3340.06
3341.85
3343.55
3345.39
3347.14
3348.87
3350.83
3352.66
3354.30
3355.89
3357.68
3359.43
3361.29
3363.07
3364.54
3366.06
3367.56
3369.05
3370.55
3372.18
3373.82
3375.58
3377.15
3378.75
3380.41
3382.07
3383.89
3385.55
3387.40
3389.14
3390.95
3392.81
3394.37
3396.03
3397.78
3399.54
3401.21
3402.87
3404.59
3406.32
3407.99
3409.80
3411.44
3413.38
3415.09
3416.81
3418.50
3420.15
3421.84
3423.63
3425.41
3427.22
3428.89
3430.69
3432.48
3434.07
3435.86
3437.65
3439.29
3440.93
3442.47
3444.18
3445.89
3447.58
3449.27
3451.06
3452.82
3454.40
3456.03
3457.73
3459.53
3461.41
3463.08
3464.86
3466.54
3468.17
3469.83
3471.56
3473.40
3475.25
3476.81
3478.26
3479.75
3481.26
3482.86
3484.55
3486.45
3488.08
3489.88
3491.95
3494.21
3495.96
3497.66
3499.20
3500.95
3502.68
3504.20
3505.77
3507.61
3509.33
3510.92
3512.61
3514.11
3515.60
3517.14
3518.64
3520.30
3522.04
3523.83
3525.57
3527.27
3528.98
3530.65
3532.49
3534.75
3536.72
3538.28
3539.82
3541.35
3543.05
3544.78
3546.57
3548.28
3549.89
3551.73
3553.42
3555.32
3556.87
3558.59
3560.46
3562.27
3564.03
3565.75
3567.60
3569.26
3570.94
3572.62
3574.45
3576.13
3577.87
3579.76
3581.64
3583.36
3585.45
3587.15
3589.04
3590.85
3592.69
3594.39
3595.91
3597.62
3599.14
3601.09
3603.26
3605.55
3607.32
3609.11
3610.92
3612.50
3614.32
3616.14
3617.82
3619.52
3621.16
3623.01
3624.80
3626.58
3628.23
3630.07
3631.73
3633.45
3635.32
3636.86
3638.47
3640.21
3641.89
3643.50
3645.13
3646.76
3648.56
3650.34
3651.99
3653.64
3655.37
3657.05
3658.99
3660.79
3662.63
3664.22
3665.84
3667.55
3669.19
3670.93
3672.78
3674.56
3676.17
3677.92
3679.55
3681.46
3683.05
3684.66
3686.26
3688.07
3689.74
3691.40
3693.14
3695.08
3696.80
3698.46
3700.04
3701.79
3703.48
3705.21
3706.90
3708.71
3710.27
3712.08
3713.73
3715.61
3717.20
3718.88
3720.72
3722.52
3724.18
3725.84
3727.55
3729.19
3730.80
3732.49
3734.15
3735.80
3737.44
3739.13
3740.82
3742.49
3744.24
3745.98
3747.81
3749.56
3751.39
3753.08
3754.84
3756.52
3758.15
3759.78
3761.48
3763.18
3764.74
3766.47
3768.31
3769.95
3771.80
3773.41
3775.15
3776.83
3778.39
3779.89
3781.72
3783.44
3785.16
3786.84
3788.58
3790.22
3791.97
3793.74
3795.40
3797.12
3798.81
3800.45
3802.11
3803.73
3805.57
3807.18
3808.81
3810.62
3812.34
3814.17
3815.85
3817.49
3819.10
3820.66
3822.35
3823.91
3825.72
3827.39
3829.14
3830.86
3832.62
3834.38
3836.22
3837.94
3839.79
3841.52
3843.25
3845.11
3846.80
3848.49
3850.12
3851.81
3853.50
3855.03
3856.58
3858.30
3860.06
3861.81
3863.44
3865.09
3866.91
3868.61
3870.20
3872.13
3873.71
3875.41
3877.15
3879.00
3880.84
3882.51
3884.21
3885.77
3887.60
3889.33
3891.03
3892.61
3894.47
3896.11
3897.89
3899.49
3901.32
3902.97
3904.72
3906.49
3908.11
3909.92
3911.78
3913.45
3915.26
3918.04
3919.86
3921.50
3923.25
3924.99
3926.73
3928.46
3929.99
3931.74
3933.58
3935.32
3937.06
3938.86
3940.53
3942.38
3944.13
3945.87
3947.70
3949.55
3951.12
3952.93
3954.69
3956.48
3958.17
3959.92
3961.45
3963.18
3964.91
3967.47
3969.21
3971.05
3972.81
3974.53
3976.18
3977.84
3979.65
3981.41
3983.05
3984.79
3986.53
3988.26
3990.00
3991.78
3993.59
3995.42
3997.18
3999.00
4000.76
4002.49
4004.24
4005.75
4007.41
4009.24
4010.89
4012.63
4014.48
4016.22
4017.75
4019.58
4021.34
4023.08
4024.82
4026.47
4028.50
4030.14
4031.99
4033.73
4035.57
4037.22
4038.77
4040.49
4042.33
4044.11
4045.86
4047.44
4049.19
4050.93
4052.79
4054.60
4056.25
4058.09
4059.80
4061.44
4063.14
4064.96
4066.63
4068.37
4070.08
4071.80
4073.45
4075.19
4077.03
4078.59
4080.23
4081.89
4083.59
4085.14
4086.91
4088.42
4090.55
4092.39
4094.16
4095.87
4097.62
4099.27
4101.05
4102.63
4104.37
4106.02
4107.81
4109.41
4111.13
4112.79
4114.52
4116.15
4117.94
4119.75
4121.59
4123.21
4124.95
4126.48
4128.15
4129.69
4131.44
4133.01
4134.58
4136.13
4137.68
4139.32
4140.92
4142.48
4144.03
4147.46
4149.13
4150.80
4152.78
4154.55
4156.11
4157.75
4159.28
4161.12
4162.87
4164.42
4166.23
4167.91
4169.62
4171.41
4173.11
4174.73
4176.38
4178.13
4179.74
4181.40
4183.07
4184.66
4186.37
4187.98
4189.56
4191.15
4192.70
4194.51
4196.17
4197.90
4199.61
4201.25
4202.81
4204.48
4206.27
4207.81
4209.50
4211.21
4212.86
4214.40
4215.87
4217.56
4219.10
4220.89
4222.43
4224.07
4225.73
4227.43
4229.12
4230.90
4232.66
4234.27
4235.91
4237.50
4239.31
4240.90
4242.69
4244.35
4246.14
4247.82
4249.48
4251.32
4252.97
4254.60
4256.21
4257.91
4259.72
4261.35
4263.10
4264.75
4266.51
4268.32
4269.91
4271.46
4274.17
4276.01
4278.57
4280.35
4281.96
4283.80
4285.53
4287.38
4289.02
4290.74
4292.49
4294.21
4295.81
4297.63
4299.46
4301.18
4302.82
4304.58
4306.42
4308.17
4309.80
4311.55
4313.38
4315.02
4316.86
4318.50
4320.28
4321.89
4323.81
4325.48
4327.09
4328.84
4330.49
4332.07
4333.87
4335.52
4337.02
4338.97
4340.70
4342.45
4344.10
4345.81
4347.41
4349.22
4350.88
4352.60
4354.42
4356.17
4357.87
4359.56
4361.29
4362.99
4364.68
4366.40
4368.00
4369.59
4371.39
4373.12
4374.83
4376.47
4378.10
4379.79
4381.58
4383.38
4385.15
4387.01
4388.67
4390.49
4392.01
4393.87
4395.70
4397.45
4399.19
4401.27
4402.97
4404.80
4406.50
4408.14
4409.90
4411.69
4413.42
4415.16
4417.00
4418.74
4420.39
4422.11
4423.81
4425.51
4427.14
4428.83
4430.47
4432.16
4433.86
4435.54
4437.19
4438.92
4440.66
4442.40
4444.19
4445.85
4447.52
4449.26
4451.01
4452.78
4454.63
4457.11
4458.88
4460.52
4462.27
4464.10
4465.85
4467.73
4469.55
4471.38
4473.11
4474.79
4476.59
4478.45
4480.18
4481.75
4483.49
4485.21
4487.05
4488.53
4490.13
4491.87
4493.45
4495.14
4496.81
4498.36
4500.16
4501.83
4503.63
4505.48
4507.06
4508.75
4510.60
4512.13
4513.69
4515.18
4516.68
4518.48
4520.42
4522.07
4523.81
4525.47
4527.29
4528.93
4530.88
4532.71
4534.34
4536.11
4537.88
4539.68
4541.52
4543.15
4544.88
4546.64
4548.48
4550.02
4551.77
4553.55
4555.20
4556.88
4558.52
4560.27
4562.01
4563.84
4565.49
4567.16
4568.87
4570.50
4572.23
4573.81
4575.53
4577.06
4578.81
4580.43
4582.27
4584.03
4586.17
4588.14
4589.86
4591.69
4593.54
4595.28
4597.14
4598.91
4600.50
4602.06
4603.88
4605.69
4607.48
4609.21
4610.84
4612.53
4614.22
4615.90
4617.61
4619.24
4621.09
4622.82
4624.67
4626.20
4627.98
4629.59
4631.12
4632.80
4634.50
4636.14
4637.67
4639.42
4641.15
4642.85
4644.53
4646.28
4647.84
4649.66
4651.50
4653.12
4654.70
4656.18
4657.81
4659.65
4661.45
4663.18
4665.01
4666.77
4668.56
4670.10
4671.52
4673.03
4674.51
4675.97
4678.73
4680.33
4682.06
4683.71
4685.40
4687.03
4688.78
4690.61
4692.39
4694.22
4695.88
4697.58
4699.24
4700.89
4702.60
4704.44
4706.02
4707.78
4709.57
4711.40
4713.26
4714.97
4716.63
4718.41
4720.14
4721.86
4723.64
4725.44
4727.28
4728.97
4730.76
4732.44
4734.14
4735.98
4737.81
4739.46
4741.12
4742.78
4744.38
4746.02
4747.82
4749.59
4751.45
4753.08
4754.82
4756.56
4758.21
4759.89
4761.88
4763.62
4765.17
4767.00
4768.80
4770.55
4772.32
4774.17
4775.79
4777.56
4779.29
4781.10
4782.79
4784.53
4786.36
4787.95
4789.75
4791.37
4793.12
4794.87
4796.60
4798.13
4799.99
4801.84
4803.66
4805.44
4807.15
4808.83
4810.52
4812.27
4813.97
4815.76
4817.49
4819.12
4820.83
4822.62
4824.38
4826.10
4827.90
4829.68
4831.41
4833.27
4835.04
4836.82
4838.59
4840.42
4841.98
4843.81
4845.44
4847.19
4848.93
4850.60
4852.30
4853.85
4855.50
4857.22
4858.90
4860.54
4862.34
4864.11
4865.83
4867.49
4869.30
4871.05
4872.81
4874.52
4876.08
4877.83
4879.56
4881.39
4883.17
4884.82
4886.38
4888.14
4890.00
4891.72
4893.57
4895.32
4897.09
4899.20
4901.06
4902.80
4904.63
4906.27
4908.11
4909.85
4911.64
4913.35
4915.19
4916.87
4918.47
4920.44
4922.24
4924.09
4925.86
4927.57
4929.14
4930.86
4932.62
4934.44
4936.19
4937.86
4939.65
4941.39
4943.02
4944.87
4946.55
4948.24
4950.02
4951.80
4953.58
4955.53
4957.37
4959.02
4960.75
4962.48
4964.23
4965.87
4967.82
4969.55
4971.20
4973.11
4975.63
4977.44
4979.11
4980.92
4982.77
4984.50
4986.25
4987.92
4989.62
4991.57
4993.05
4994.80
4996.48
4998.25
4999.97
5001.82
5003.58
5005.28
5007.13
5008.88
5010.41
5012.14
5013.92
5015.74
5017.42
5019.02
5020.68
5022.81
5024.58
5026.38
5028.18
5029.86
5031.51
5033.26
5035.08
5036.84
5038.58
5040.22
5041.88
5043.60
5045.44
5047.13
5048.83
5050.47
5052.11
5053.83
5055.49
5057.21
5058.85
5060.64
5062.43
5064.09
5065.77
5067.35
5068.90
5070.63
5072.36
5074.00
5075.79
5077.59
5079.44
5081.08
5082.84
5084.65
5086.50
5088.22
5089.90
5091.57
5093.16
5095.36
5097.14
5098.89
5100.80
5102.58
5104.43
5106.08
5107.84
5109.64
5111.38
5113.00
5114.82
5116.49
5118.17
5120.09
5121.83
5123.68
5125.40
5127.15
5128.84
5130.63
5132.38
5134.22
5135.88
5137.70
5139.44
5141.18
5142.86
5144.66
5146.69
5148.45
5150.13
5151.83
5153.67
5155.51
5157.36
5159.20
5160.79
5162.48
5164.11
5165.80
5167.32
5169.08
5170.78
5172.42
5174.14
5175.81
5177.63
5179.58
5181.22
5182.86
5184.48
5186.44
5188.11
5189.72
5191.56
5193.12
5194.73
5196.37
5198.11
5199.89
5201.69
5203.54
5205.19
5206.92
5208.76
5210.60
5212.45
5214.10
5215.79
5217.56
5219.03
5220.82
5222.58
5224.54
5226.17
5227.81
5229.23
5231.08
5232.82
5234.57
5236.20
5237.88
5239.58
5241.33
5243.11
5244.79
5246.55
5248.30
5250.08
5251.78
5253.61
5255.46
5257.20
5259.05
5260.64
5262.32
5264.11
5265.81
5267.59
5269.59
5271.42
5273.18
5274.92
5276.54
5278.28
5280.13
5281.81
5283.52
5285.16
5286.95
5288.64
5290.38
5292.14
5293.80
5295.60
5297.13
5298.88
5300.61
5302.47
5304.10
5305.84
5307.68
5309.36
5311.15
5313.00
5314.72
5316.48
5318.44
5320.17
5321.83
5323.59
5325.40
5327.24
5328.97
5330.82
5332.69
5334.64
5336.25
5337.82
5339.64
5341.47
5343.14
5344.90
5346.80
5348.44
5350.08
5351.87
5353.56
5355.49
5357.16
5358.82
5360.72
5362.55
5364.41
5366.25
5368.16
5369.79
5371.57
5373.52
5375.36
5377.11
5378.74
5380.39
5382.22
5383.85
5385.60
5387.25
5388.98
5390.79
5392.37
5394.02
5395.80
5397.59
5399.25
5400.96
5402.79
5404.47
5406.28
5407.97
5409.78
5411.61
5413.20
5414.89
5416.52
5418.16
5420.00
5421.86
5423.70
5425.46
5427.29
5429.02
5430.74
5432.50
5434.34
5435.94
5437.78
5439.56
5441.22
5442.97
5444.88
5446.54
5448.17
5449.82
5451.59
5453.32
5455.03
5456.82
5458.82
5460.47
5462.30
5464.14
5465.98
5467.78
5469.48
5471.32
5472.89
5474.60
5476.43
5478.08
5479.80
5481.55
5483.42
5485.26
5487.08
5488.68
5490.25
5491.90
5493.72
5495.58
5497.33
5499.16
5500.85
5502.47
5504.10
5505.83
5507.57
5509.31
5511.14
5512.81
5514.63
5516.31
5518.11
5519.88
5521.64
5523.39
5525.17
5526.80
5528.55
5530.20
5531.86
5533.58
5535.13
5536.86
5538.92
5540.55
5542.38
5544.13
5545.81
5547.48
5549.24
5550.89
5552.55
5554.36
5555.99
5557.64
2657.25
2659.06
2660.79
2662.32
2663.83
2665.32
2666.83
2668.29
2669.70
2671.18
2672.64
2674.05
2675.63
2677.13
2678.67
2680.19
2681.66
2683.10
2684.60
2686.13
2687.66
2689.11
2690.64
2692.12
2693.58
2695.13
2696.64
2698.16
2699.61
2701.11
2702.64
2704.22
2705.71
2707.29
2708.77
2710.27
2711.72
2713.22
2714.72
2716.14
2717.66
2719.12
2720.65
2722.13
2723.61
2725.02
2726.52
2728.05
2729.55
2731.03
2732.51
2734.01
2735.54
2737.11
2738.55
2740.08
2741.54
2743.10
2744.58
2746.08
2747.54
2749.11
2750.62
2752.10
2753.65
2755.25
2756.76
2758.27
2759.76
2761.27
2762.77
2764.23
2765.72
2767.26
2768.84
2770.27
2771.76
2773.38
2774.86
2776.40
2777.94
2779.48
2780.96
2782.77
2784.27
2785.74
2787.23
2788.79
2790.29
2791.88
2793.44
2794.96
2796.41
2797.86
2799.33
2800.88
2802.34
2803.90
2805.35
2806.88
2808.46
2809.93
2811.40
2812.88
2814.32
2815.82
2817.33
2818.80
2820.47
2821.94
2823.45
2824.94
2826.36
2827.79
2829.22
2830.66
2832.22
2833.77
2835.25
2836.76
2838.27
2839.80
2841.25
2842.72
2844.19
2845.67
2847.22
2848.75
2850.24
2851.80
2853.35
2854.83
2856.31
2857.82
2859.25
2860.70
2862.32
2863.83
2865.38
2866.85
2868.37
2869.83
2871.32
2872.71
2874.21
2875.71
2877.20
2878.77
2880.27
2881.75
2883.24
2884.84
2886.35
2887.83
2889.35
2890.95
2892.41
2893.94
2895.38
2896.90
2898.35
2899.77
2901.20
2902.68
2904.07
2905.54
2907.25
2908.77
2910.29
2911.74
2913.18
2914.71
2916.18
2917.65
2919.13
2920.65
2922.21
2923.70
2925.24
2926.72
2928.27
2929.77
2931.27
2932.71
2934.21
2935.68
2937.19
2938.75
2940.33
2941.96
2943.49
2945.02
2946.51
2948.02
2949.56
2951.02
2952.53
2954.05
2955.53
2956.97
2958.49
2959.96
2961.43
2962.99
2964.47
2965.97
2967.52
2968.99
2971.05
2972.57
2974.12
2975.68
2977.12
2978.62
2980.10
2981.51
2982.99
2984.40
2985.90
2987.35
2988.84
2990.36
2991.87
2993.38
2994.90
2996.38
2997.88
2999.37
3000.93
3002.40
3003.91
3005.49
3007.04
3008.54
3010.05
3011.54
3013.01
3014.51
3016.04
3017.44
3018.95
3020.41
3021.92
3023.41
3024.93
3026.49
3028.01
3029.85
3031.30
3032.82
3034.32
3035.85
3037.33
3038.79
3040.27
3041.77
3043.26
3044.76
3046.26
3047.79
3049.30
3050.75
3052.29
3053.87
3055.32
3056.82
3058.30
3059.82
3061.32
3062.80
3064.32
3065.83
3067.38
3068.91
3070.33
3071.85
3073.32
3074.80
3076.32
3077.82
3079.37
3080.87
3082.43
3083.88
3085.37
3086.84
3088.33
3089.83
3091.32
3093.01
3094.54
3095.99
3097.49
3098.92
3100.49
3102.01
3103.52
3105.01
3106.57
3108.04
3109.54
3111.11
3112.65
3114.10
3115.57
3117.13
3118.60
3120.06
3121.59
3123.13
3124.68
3126.15
3127.61
3129.11
3130.60
3132.13
3133.61
3135.03
3136.54
3137.99
3139.53
3141.03
3142.59
3144.07
3145.54
3146.93
3148.48
3149.99
3151.47
3153.01
3154.65
3156.26
3157.77
3159.20
3160.76
3162.27
3163.76
3165.27
3166.80
3168.34
3169.82
3171.27
3172.69
3174.11
3175.58
3177.01
3178.47
3180.05
3181.61
3183.20
3184.70
3186.22
3187.66
3189.07
3190.54
3192.12
3193.65
3195.11
3196.61
3198.10
3199.63
3201.13
3202.53
3203.97
3205.43
3206.93
3208.35
3209.90
3211.43
3212.99
3214.48
3216.01
3217.52
3219.01
3220.44
3221.91
3223.35
3224.88
3226.32
3227.88
3229.37
3230.90
3232.43
3233.91
3235.38
3236.88
3238.37
3239.88
3241.30
3242.76
3244.36
3245.88
3247.33
3248.95
3250.48
3251.99
3253.95
3255.46
3256.97
3258.44
3259.93
3261.38
3262.83
3264.28
3265.85
3267.38
3268.96
3270.50
3271.91
3273.34
3274.80
3276.23
3277.71
3279.18
3280.64
3282.12
3283.65
3285.25
3286.71
3288.19
3289.65
3291.17
3292.63
3294.10
3295.49
3296.95
3298.41
3299.96
3301.54
3302.99
3304.46
3305.99
3307.50
3308.94
3310.37
3311.85
3313.34
3314.84
3316.35
3317.84
3319.38
3320.90
3322.38
3323.88
3325.40
3326.88
3328.34
3329.84
3331.34
3332.80
3334.20
3335.72
3337.18
3338.65
3340.09
3341.82
3343.27
3344.72
3346.19
3347.66
3349.16
3350.63
3352.10
3353.54
3354.98
3356.57
3358.05
3359.53
3361.01
3362.52
3364.07
3365.57
3367.10
3368.62
3370.10
3371.51
3373.01
3374.46
3375.93
3377.48
3378.91
3380.34
3381.79
3383.29
3384.74
3386.22
3387.77
3389.29
3390.77
3392.24
3393.73
3395.27
3396.85
3398.29
3399.80
3401.30
3402.91
3404.46
3405.93
3407.51
3409.01
3410.57
3412.07
3413.71
3415.20
3416.66
3418.14
3419.67
3421.19
3422.77
3424.29
3425.79
3427.26
3428.71
3430.23
3431.66
3433.20
3434.72
3436.21
3437.71
3439.18
3440.70
3442.16
3443.61
3445.05
3446.56
3878.32
3879.76
3881.25
3882.78
3884.32
3885.74
3887.20
3888.63
3890.15
3891.63
3893.06
3894.50
3896.02
3897.57
3899.06
3900.44
3901.92
3903.50
3904.97
3906.36
3907.83
3909.22
3910.64
3912.08
3913.53
3915.00
3916.43
3917.83
3919.28
3920.77
3922.19
3923.65
3925.12
3926.64
3928.13
3929.60
3931.05
3932.60
3934.08
3935.51
3937.07
3938.59
3940.59
3941.99
3943.52
3945.00
3946.52
3948.08
3949.57
3951.00
3952.49
3953.95
3955.49
3956.95
3958.40
3959.91
3961.39
3962.94
3964.41
3965.89
3967.39
3968.88
3970.41
3971.95
3973.49
3975.08
3976.53
3977.99
3979.47
3980.94
3982.47
3983.93
3985.41
3986.92
3988.41
3989.97
3991.56
3993.10
3994.55
3996.06
3997.62
3999.03
4000.57
4002.12
4003.63
4005.18
4006.66
4008.26
4009.69
4011.19
4012.69
4014.17
4015.64
4017.12
4018.57
4020.09
4021.59
4023.00
4024.47
4025.89
4027.41
4028.89
4030.42
4032.26
4033.82
4035.26
4036.80
4038.27
4039.77
4041.35
4042.87
4044.33
4045.88
4047.42
4048.92
4050.44
4051.96
4053.55
4055.15
4056.71
4058.22
4059.77
4061.27
4062.70
4064.14
4065.60
4067.01
4068.47
4069.94
4071.52
4073.03
4074.53
4076.07
4077.55
4079.11
4080.63
4082.16
4083.70
4085.22
4086.80
4088.42
4089.85
4091.27
4092.76
4094.21
4095.77
4097.23
4098.80
4100.31
4101.85
4103.33
4104.83
4106.28
4107.77
4109.26
4110.82
4112.29
4113.85
4115.37
4116.91
4118.43
4119.92
4121.45
4122.89
4124.42
4125.91
4127.44
4129.62
4131.10
4132.54
4134.07
4135.61
4137.14
4138.69
4140.20
4141.69
4143.22
4144.68
4146.15
4147.72
4149.28
4150.80
4152.38
4153.85
4155.64
4157.17
4158.73
4160.25
4161.80
4163.23
4164.70
4166.20
4167.66
4169.11
4170.55
4172.09
4173.59
4175.11
4176.60
4178.12
4179.56
4180.98
4182.47
4183.89
4185.36
4186.86
4188.27
4189.78
4191.32
4192.81
4194.28
4195.78
4197.33
4198.78
4200.35
4201.83
4203.31
4204.83
4206.33
4207.89
4209.37
4210.82
4212.30
4213.77
4215.20
4216.72
4218.25
4219.72
4221.22
4222.80
4224.32
4225.78
4227.28
4228.70
4230.21
4231.70
4233.22
4234.66
4236.13
4237.56
4239.05
4240.52
4241.94
4243.41
4244.89
4246.38
4247.86
4249.38
4250.87
4252.39
4253.86
4255.34
4256.87
4258.39
4259.94
4261.38
4262.97
4264.50
4265.96
4267.52
4269.03
4270.54
4272.06
4273.56
4275.11
4276.54
4278.03
4279.69
4281.19
4282.69
4284.25
4285.70
4287.27
4288.83
4290.35
4291.85
4293.41
4294.97
4296.58
4298.12
4299.64
4301.18
4302.66
4304.19
4305.69
4307.18
4308.69
4310.30
4311.82
4313.30
4314.76
4316.23
4317.71
4319.27
4320.80
4322.29
4323.80
4325.41
4326.96
4328.40
4329.93
4331.41
4332.92
4334.44
4335.99
4337.52
4339.12
4340.60
4342.04
4343.50
4345.00
4346.46
4347.98
4349.44
4351.01
4352.56
4354.11
4355.55
4357.06
4358.51
4360.09
4361.67
4363.18
4364.66
4366.16
4367.69
4369.19
4371.05
4372.49
4375.04
4376.60
4378.00
4379.57
4381.12
4382.64
4384.11
4385.64
4387.16
4388.62
4390.12
4391.65
4393.24
4394.78
4396.29
4397.77
4399.21
4400.64
4402.17
4403.67
4405.14
4406.61
4408.10
4409.63
4411.11
4412.60
4414.12
4415.63
4417.11
4418.58
4420.07
4421.58
4423.11
4424.60
4426.11
4427.50
4429.02
4430.49
4431.99
4433.72
4435.17
4436.73
4438.24
4439.83
4441.26
4442.73
4444.22
4445.72
4447.13
4448.61
4450.15
4451.65
4453.20
4454.75
4456.30
4457.83
4459.32
4460.80
4462.46
4464.03
4465.56
4467.03
4468.55
4470.10
4471.58
4473.09
4474.57
4476.10
4477.60
4479.10
4480.61
4482.17
4483.66
4485.20
4486.66
4488.14
4489.74
4491.23
4492.71
4494.18
4495.68
4497.13
4498.63
4500.10
4501.58
4503.26
4504.68
4506.19
4507.68
4509.20
4510.68
4512.15
4513.66
4515.14
4516.67
4518.19
4519.77
4521.35
4522.88
4524.44
4525.89
4527.47
4528.96
4530.40
4532.01
4533.54
4535.03
4536.63
4538.09
4539.65
4541.14
4542.57
4544.02
4545.52
4547.04
4548.59
4550.11
4551.66
4553.13
4555.04
4556.54
4558.18
4559.65
4561.26
4562.77
4564.27
4565.71
4567.18
4568.68
4570.21
4571.73
4573.32
4574.86
4576.40
4577.88
4579.35
4580.85
4582.33
4583.88
4585.39
4588.47
4589.91
4591.38
4592.93
4594.48
4596.01
4597.57
4599.15
4600.66
4602.14
4603.65
4605.22
4606.72
4608.26
4609.75
4611.27
4612.78
4614.27
4615.82
4617.48
4618.96
4620.51
4622.00
4623.54
4625.00
4626.62
4628.17
4629.64
4631.11
4632.66
4634.20
4635.71
4637.23
4638.77
4640.32
4641.88
4643.35
4644.85
4646.28
4647.76
4649.29
4650.83
4652.40
4653.93
4655.41
4656.94
4658.60
4660.10
4661.63
4663.23
4664.72
4666.21
4667.66
4669.16
4670.63
4672.13
4673.54
4674.96
4676.85
4678.38
4679.96
4681.44
4682.91
4684.36
4685.88
4687.49
4689.09
4690.62
4692.13
4693.65
4695.27
4696.74
4698.29
4699.86
4701.38
4702.97
4704.54
4705.99
4707.54
4708.94
4710.44
4711.93
4713.44
4715.05
4716.55
4718.08
4719.56
4721.02
4722.54
4723.93
4725.43
4726.89
4728.36
4729.88
4731.40
4733.03
4734.61
4736.17
4737.93
4739.41
4740.98
4742.51
4744.03
4745.51
4746.97
4748.43
4749.96
4751.50
4753.00
4754.55
4756.05
4757.59
4759.10
4760.60
4762.16
4763.63
4765.12
4766.64
4768.18
4769.69
4771.30
4772.76
4774.29
4775.77
4777.21
4778.77
4780.27
4781.83
4783.39
4784.88
4786.38
4787.86
4789.40
4790.91
4792.43
4793.88
4795.33
4796.83
4798.91
4800.40
4801.93
4803.40
4804.89
4806.49
4808.09
4809.58
4811.02
4812.52
4813.96
4815.46
4816.98
4818.54
4820.10
4821.61
4823.11
4824.65
4826.10
4827.68
4829.26
4830.88
4832.38
4833.94
4835.54
4837.03
4838.55
4840.09
4841.53
4843.09
4844.66
4846.17
4847.76
4849.19
4850.60
4852.13
4853.58
4855.12
4856.62
4858.18
4859.93
4861.49
4862.96
4864.44
4865.97
4867.47
4869.09
4870.70
4872.24
4873.76
4875.27
4876.75
4878.26
4879.83
4881.32
4882.80
4884.30
4885.82
4887.43
4888.94
4890.44
4891.97
4893.43
4894.96
4896.46
4897.97
4899.52
4901.01
4902.49
4903.99
4905.49
4907.06
4908.50
4910.02
4911.56
4913.05
4914.46
4915.93
4917.41
4918.85
4920.32
4921.91
4923.46
4925.05
4926.62
4928.26
4929.76
4931.29
4932.77
4934.28
4935.82
4937.35
4938.86
4940.40
4941.86
4943.35
4944.83
4946.36
4947.91
4949.44
4950.96
4952.52
4954.01
4955.51
4956.99
4958.54
4960.09
4961.60
4963.10
4964.55
4966.07
4967.68
4969.22
4970.71
4972.18
4973.71
4975.38
4976.85
4978.33
4979.86
4981.32
4983.04
4984.54
4986.05
4987.52
4989.02
4990.58
4992.07
4993.54
4995.03
4996.46
4997.92
4999.36
5000.88
5002.44
5003.93
5005.46
5006.90
5008.38
5009.83
5011.40
5012.97
5014.44
5015.96
5017.49
5019.01
5020.58
5022.10
5023.55
5025.05
5026.52
5027.99
5029.47
5030.96
5032.50
5034.04
5035.54
5037.07
5038.60
5040.09
5041.59
5043.09
5044.86
5046.38
5047.88
5049.47
5050.96
5052.39
5053.86
5055.33
5056.77
5058.29
5061.06
5062.60
5064.16
5065.68
5067.26
5068.79
5070.27
5071.73
5073.27
5074.82
5076.40
5077.93
5079.46
5080.94
5082.41
5083.90
5085.38
5086.91
5088.36
5089.85
5091.39
5092.90
5094.40
5095.80
5097.29
5098.80
5100.22
5101.74
5103.30
5104.74
5106.24
5107.99
5109.44
5110.94
5112.40
5113.87
5115.36
5116.90
5118.43
5120.44
5121.99
5123.52
5124.99
5126.52
5128.11
5129.54
5131.05
5132.56
5134.01
5135.49
5136.93
5138.45
5139.90
5141.40
5142.98
5144.54
5146.04
5147.53
5149.02
5150.51
5152.05
5153.52
5155.01
5156.54
5158.03
5159.53
5161.06
5162.60
5164.11
5165.62
5167.04
5168.65
5170.19
5171.73
5173.27
5174.72
5176.22
5177.77
5179.29
5180.73
5182.32
5183.83
5185.38
5186.93
5188.43
5189.93
5191.97
5193.44
5194.96
5196.46
5197.94
5199.44
5200.94
5202.45
5203.99
5205.57
5207.16
5208.80
5210.43
5211.98
5213.41
5214.88
5216.43
5217.93
5219.51
5221.01
5222.51
5223.99
5225.54
5227.09
5228.56
5230.29
5231.82
5233.30
5234.83
5236.38
5237.88
5239.35
5240.86
5242.41
5243.93
5245.47
5247.02
5248.57
5250.04
5251.52
5253.04
5254.58
5256.09
5257.66
5259.30
5261.16
5262.76
5264.22
5265.80
5267.32
5268.91
5270.43
5271.90
5273.36
5274.79
5276.39
5277.98
5279.50
5281.02
5282.52
5284.02
5285.52
5287.00
5288.44
5289.93
5291.73
5293.27
5294.83
5296.32
5297.82
5299.26
5300.83
5302.35
5303.86
5305.49
5307.02
5308.55
5310.02
5311.50
5312.93
5314.56
5316.08
5317.61
5319.19
5321.34
5322.83
5324.41
5325.96
5327.52
5329.04
5330.49
5331.99
5333.51
5335.06
5336.62
5338.10
5339.57
5341.10
5342.62
5344.06
5345.49
5346.96
5348.49
5350.06
5351.57
5353.35
5354.91
5356.33
5357.79
5359.27
5360.79
5362.29
5363.77
5365.27
5366.77
5368.30
5369.82
5371.27
5372.72
5374.13
5375.60
5377.65
5379.10
5380.59
5382.02
5383.47
5384.90
5386.44
5387.83
5389.26
5390.77
5392.35
5393.85
5395.34
5396.94
5398.46
5399.94
5401.41
5402.91
5404.38
5405.91
5407.38
5408.90
5410.46
5411.99
5413.54
5414.97
5416.44
5417.99
5419.57
5421.11
5422.60
5424.10
5425.65
5427.13
5428.62
5430.11
5431.60
5433.11
5434.71
5436.18
5438.03
5439.58
5441.12
5442.66
5444.23
5445.68
5447.11
5448.60
5450.11
5451.53
5453.04
5454.49
5456.01
5457.44
5458.94
5460.52
5462.10
5463.57
5465.05
5466.60
5468.08
5469.62
5471.12
5472.60
5474.11
5475.59
5477.17
5478.66
5480.24
5481.72
5483.22
5484.80
5486.27
5487.82
5489.40
5490.91
5492.40
5493.93
5495.44
5496.91
5498.43
5499.99
5501.51
5502.98
5504.54
5506.23
5507.75
5509.25
5510.74
5512.30
5513.77
5515.27
5516.80
5518.40
5519.96
5521.46
5522.99
5524.47
5526.05
5527.59
5529.10
5530.60
5532.17
5533.60
5535.16
5536.62
5538.16
5539.65
5541.14
5542.70
5544.25
5545.82
5547.32
5548.79
5550.30
5551.94
5553.55
5555.10
5556.64
5558.15
5559.58
5561.04
5562.51
5564.05
5565.57
5567.20
5568.69
5570.22
5571.68
5573.10
5574.61
5576.10
5577.58
5579.14
5580.79
5582.37
5584.19
5585.86
5587.49
5589.01
5590.51
5591.96
5593.49
5594.99
5596.48
5597.94
5599.43
5601.10
5602.98
5604.51
5605.99
5607.58
5609.37
5610.86
5612.46
5614.01
5615.51
5617.09
5618.62
5620.15
5621.62
5623.15
5624.68
5626.23
5627.71
5629.29
5630.73
5632.23
